tracked_cell(1).traj  = [792,18;785,15;784,25;786,32;786,31;785,27;815,20;822,26;828,28;829,37;817,37;780,25;772,32;793,29;795,25;796,21;814,34;832,35;837,39;844,46;856,53;840,49;827,38;813,29;815,25;816,33;811,34;819,36;827,34;834,37;834,37;821,42;820,40;788,22;788,20;793,17;804,17;808,25;808,22;806,24;806,24;806,25;804,24;798,21;793,22;784,27;774,33;780,24;785,20;793,20;796,21;801,26;799,28;796,27;798,24;797,21;792,21;788,24;781,16;780,12;781,10;782,10;776,9;776,10;774,12;770,12;770,12;772,12;772,12;767,9;765,8;765,8;765,8;765,9;765,9;765,10;786,12;785,11;788,10;788,11;805,20;806,22;806,24;808,28;809,29;806,32;805,30;802,29;801,24;800,22;800,21;800,20;803,17;806,15;806,15;803,17;801,18;]
tracked_cell(2).traj  = [524,8;531,16;537,14;565,17;561,21;561,22;568,16;568,14;566,9;564,7;562,7;562,7;555,9;545,8;541,5;532,5;532,5;532,6;529,6;528,6;529,6;529,9;528,8;528,6;529,6;531,5;532,5;537,5;540,8;541,10;541,12;541,14;536,13;523,7;522,6;521,6;519,5;520,5;532,8;534,9;536,12;540,16;545,16;548,17;553,24;558,26;562,28;571,33;576,37;576,37;577,37;577,40;561,40;558,38;554,35;548,30;536,13;533,8;532,5;530,6;498,7;481,8;474,10;474,13;472,16;472,14;470,17;468,22;465,24;465,29;464,32;464,37;462,40;457,50;456,53;456,56;454,56;453,65;452,66;452,68;450,71;449,73;448,89;440,96;439,103;442,105;433,120;427,128;426,135;423,147;420,152;421,160;423,164;420,171;415,177;416,184;412,188;]
tracked_cell(3).traj  = [289,52;292,52;299,57;304,66;302,68;297,77;293,89;297,97;299,109;307,127;316,140;317,142;323,146;325,146;329,144;338,147;339,152;345,160;345,163;344,170;342,172;341,172;335,174;327,180;313,173;310,165;307,141;305,132;306,117;302,115;301,113;277,73;273,65;268,58;261,54;242,68;237,71;235,77;249,80;258,72;272,63;292,53;300,52;304,42;309,38;313,33;312,28;307,32;304,35;313,38;316,38;316,38;317,32;306,28;295,29;288,33;285,33;276,40;274,47;272,48;264,52;266,68;259,68;257,69;241,74;236,75;231,77;228,81;224,81;222,81;225,80;229,77;254,57;260,53;268,48;280,41;284,37;295,32;299,28;308,27;329,21;338,24;341,25;347,24;356,25;357,32;360,32;365,33;364,33;361,32;360,37;365,38;367,38;357,33;356,32;357,33;362,33;]
tracked_cell(4).traj  = [249,60;257,63;268,60;274,53;267,56;272,56;277,53;285,53;291,50;296,49;312,40;317,35;329,30;328,30;334,23;353,16;366,22;382,33;389,35;397,36;397,43;394,44;417,46;426,56;422,66;428,68;437,97;437,103;446,132;442,150;437,164;433,168;416,187;412,201;421,207;418,220;420,225;408,262;404,272;404,286;396,291;396,302;401,305;405,309;404,316;403,315;404,316;405,330;416,351;418,362;421,366;424,365;425,364;432,379;434,380;436,396;436,399;437,403;436,416;436,415;437,420;437,421;436,418;432,417;428,413;428,411;429,411;426,412;418,410;418,407;418,408;417,404;409,399;390,390;384,388;381,392;376,395;383,399;388,401;397,405;407,410;416,414;431,418;434,417;432,419;423,420;422,417;425,420;424,423;400,407;396,408;392,409;388,406;385,404;384,401;384,401;]
tracked_cell(5).traj  = [409,165;418,169;418,165;417,164;422,161;424,160;424,157;424,156;424,156;432,133;438,132;440,130;445,124;447,120;434,129;434,133;434,137;437,132;437,126;437,125;437,121;448,89;447,81;458,51;460,46;461,44;461,36;469,32;472,26;466,32;466,32;468,26;469,25;472,22;473,20;474,17;476,16;476,13;475,11;]
tracked_cell(6).traj  = [317,156;318,153;314,152;312,136;314,126;316,121;316,122;340,132;351,134;332,164;326,167;321,180;318,184;313,192;313,197;314,209;306,219;301,233;305,246;305,244;308,237;309,237;305,245;302,248;297,252;297,252;293,256;288,260;288,260;285,261;284,263;310,217;314,206;320,190;320,180;313,172;308,168;307,166;305,142;304,129;307,119;308,113;301,105;296,101;293,112;295,113;295,112;296,108;295,105;295,105;293,104;293,101;293,102;293,104;291,108;289,109;293,110;295,112;300,116;301,117;301,118;303,118;304,118;304,118;304,118;304,118;303,117;300,114;299,109;297,105;296,104;296,104;296,105;297,108;297,109;297,109;300,109;301,105;301,102;301,99;304,101;300,99;294,68;294,60;294,60;294,56;292,52;289,52;286,52;282,52;278,52;277,46;275,46;273,48;273,50;271,51;273,52;]
tracked_cell(7).traj  = [325,177;326,180;322,180;322,180;317,173;316,174;318,173;337,161;355,161;372,160;376,153;382,145;387,142;371,169;383,165;387,161;392,157;393,156;392,160;393,161;399,164;411,168;428,165;424,170;423,170;421,165;434,149;432,145;429,148;427,152;414,164;405,168;398,177;393,180;385,184;380,180;341,173;332,178;309,213;308,228;288,264;278,268;268,287;273,319;274,341;261,342;264,341;271,374;281,368;265,392;253,393;253,389;249,396;225,420;220,424;196,433;176,432;158,437;146,432;137,440;170,427;168,428;193,421;197,427;207,441;196,463;210,449;214,439;221,426;224,416;229,408;212,407;212,413;194,422;182,424;172,421;145,420;141,417;140,416;144,421;137,416;136,415;137,415;140,433;144,440;159,454;165,461;165,464;170,477;169,483;178,484;179,483;185,481;188,481;184,481;184,481;184,483;]
tracked_cell(8).traj  = [422,198;422,204;424,209;424,204;425,199;427,194;429,194;432,192;432,192;433,187;433,185;430,184;428,184;423,188;420,197;418,209;416,217;414,226;414,228;415,233;414,238;412,244;401,264;401,274;404,283;401,309;404,318;405,326;401,336;401,337;401,344;407,348;412,348;412,348;413,349;412,351;409,357;408,356;407,358;408,356;410,356;410,357;408,357;408,356;408,359;413,361;415,380;417,382;421,385;426,395;425,399;417,404;413,405;412,404;409,403;408,404;403,404;401,404;394,401;385,402;381,404;377,408;372,410;365,409;361,409;359,408;357,404;363,395;366,389;368,385;372,383;373,384;372,385;370,385;369,380;368,376;364,377;356,373;352,372;355,365;357,362;357,358;357,356;358,361;357,360;356,361;356,365;356,365;356,360;354,353;352,348;348,338;348,335;341,337;335,341;324,349;316,357;]
tracked_cell(9).traj  = [57,196;60,196;65,198;71,195;61,180;53,172;34,160;28,157;19,165;18,167;15,169;12,168;13,167;12,168;13,169;]
tracked_cell(10).traj = [941,408;951,410;953,412;952,415;964,427;965,436;961,446;955,431;952,419;952,414;933,393;928,385;921,361;923,356;926,345;933,336;934,313;929,303;928,300;918,305;913,309;900,315;853,320;839,325;839,319;833,323;839,319;840,321;836,333;825,353;817,365;820,360;824,365;826,365;828,361;829,357;829,356;827,343;833,332;856,316;858,308;861,300;851,299;849,301;845,309;850,304;856,298;870,288;867,281;868,276;869,269;876,258;875,253;877,226;876,216;879,193;879,184;884,177;879,165;888,160;896,158;904,151;898,151;898,145;896,134;898,129;897,122;899,119;905,115;901,125;898,133;899,119;901,117;904,108;906,102;906,99;900,105;898,111;898,112;898,113;888,124;881,126;880,128;881,128;880,136;880,137;878,140;878,140;878,139;873,145;873,148;890,181;889,180;897,180;897,184;877,204;871,209;]
tracked_cell(11).traj = [857,342;857,341;858,325;858,316;857,308;856,307;847,312;847,312;847,313;854,308;859,304;863,300;870,298;876,285;873,284;863,283;860,281;861,278;871,270;876,266;880,264;886,242;876,221;876,201;880,196;884,184;885,173;880,150;883,141;884,138;892,124;901,128;894,120;884,129;880,124;896,116;896,111;896,121;899,128;906,130;909,122;904,113;903,107;895,110;893,113;888,124;886,120;885,128;878,140;876,149;879,161;884,173;894,175;900,170;892,159;896,155;896,150;895,148;895,140;905,129;913,121;913,108;913,104;912,101;903,98;904,96;905,96;890,96;885,100;882,104;872,115;870,119;868,124;868,125;867,127;873,138;876,142;875,145;876,152;885,157;891,160;893,160;897,170;896,169;896,171;889,182;888,189;888,194;887,201;880,213;881,221;877,238;878,247;877,264;869,281;869,294;861,300;]
